(0, 384)
(0, 416)
(32, 384)
(32, 416)
(64, 384)
(64, 416)
(96, 384)
(96, 416)
(128, 384)
(128, 416)
(160, 384)
(160, 416)
(192, 384)
(192, 416)
(224, 384)
(224, 416)
(256, 384)
(256, 416)
(288, 384)
(288, 416)
(320, 384)
(320, 416)
(352, 384)
(352, 416)
(384, 384)
(384, 416)
(416, 384)
(416, 416)
(448, 384)
(448, 416)
(480, 384)
(480, 416)
(512, 384)
(512, 416)
(544, 384)
(544, 416)
(576, 384)
(576, 416)
(608, 384)
(608, 416)
(640, 384)
(640, 416)
(672, 384)
(672, 416)
(704, 384)
(704, 416)
(736, 384)
(736, 416)
(768, 384)
(768, 416)
(800, 384)
(800, 416)
(832, 384)
(832, 416)
(864, 384)
(864, 416)
(896, 384)
(896, 416)
(928, 384)
(928, 416)
(960, 384)
(960, 416)
(992, 384)
(992, 416)
(1024, 384)
(1024, 416)
(1056, 384)
(1056, 416)
(1088, 384)
(1088, 416)
(1120, 384)
(1120, 416)
(1152, 384)
(1152, 416)
(1184, 384)
(1184, 416)
(1216, 384)
(1216, 416)
(1248, 384)
(1248, 416)
(1280, 384)
(1280, 416)
(1312, 384)
(1312, 416)
(1344, 384)
(1344, 416)
(1376, 384)
(1376, 416)
(1408, 384)
(1408, 416)
(1440, 384)
(1440, 416)
(1472, 384)
(1472, 416)
(1504, 384)
(1504, 416)
(1536, 384)
(1536, 416)
(1568, 384)
(1568, 416)
(1600, 384)
(1600, 416)
(1632, 384)
(1632, 416)
(1664, 384)
(1664, 416)
(1696, 384)
(1696, 416)
(1728, 384)
(1728, 416)
(1760, 384)
(1760, 416)
(1792, 384)
(1792, 416)
(1824, 384)
(1824, 416)
(1856, 384)
(1856, 416)
(1888, 384)
(1888, 416)
(1920, 384)
(1920, 416)
(1952, 384)
(1952, 416)
(1984, 384)
(1984, 416)
(2016, 384)
(2016, 416)
(2048, 384)
(2048, 416)
(2080, 384)
(2080, 416)
(2112, 384)
(2112, 416)
(2144, 384)
(2144, 416)
(2176, 384)
(2176, 416)
(2272, 384)
(2272, 416)
(2304, 384)
(2304, 416)
(2336, 384)
(2336, 416)
(2368, 384)
(2368, 416)
(2400, 384)
(2400, 416)
(2432, 384)
(2432, 416)
(2464, 384)
(2464, 416)
(2496, 384)
(2496, 416)
(2528, 384)
(2528, 416)
(2560, 384)
(2560, 416)
(2592, 384)
(2592, 416)
(2624, 384)
(2624, 416)
(2656, 384)
(2656, 416)
(2688, 384)
(2688, 416)
(2720, 384)
(2720, 416)
(2848, 384)
(2848, 416)
(2880, 384)
(2880, 416)
(2912, 384)
(2912, 416)
(2944, 384)
(2944, 416)
(2976, 384)
(2976, 416)
(3008, 384)
(3008, 416)
(3040, 384)
(3040, 416)
(3072, 384)
(3072, 416)
(3104, 384)
(3104, 416)
(3136, 384)
(3136, 416)
(3168, 384)
(3168, 416)
(3200, 384)
(3200, 416)
(3232, 384)
(3232, 416)
(3264, 384)
(3264, 416)
(3296, 384)
(3296, 416)
(3328, 384)
(3328, 416)
(3360, 384)
(3360, 416)
(3392, 384)
(3392, 416)
(3424, 384)
(3424, 416)
(3456, 384)
(3456, 416)
(3488, 384)
(3488, 416)
(3520, 384)
(3520, 416)
(3552, 384)
(3552, 416)
(3584, 384)
(3584, 416)
(3616, 384)
(3616, 416)
(3648, 384)
(3648, 416)
(3680, 384)
(3680, 416)
(3712, 384)
(3712, 416)
(3744, 384)
(3744, 416)
(3776, 384)
(3776, 416)
(3808, 384)
(3808, 416)
(3840, 384)
(3840, 416)
(3872, 384)
(3872, 416)
(3904, 384)
(3904, 416)
(3936, 384)
(3936, 416)
(3968, 384)
(3968, 416)
(4000, 384)
(4000, 416)
(4032, 384)
(4032, 416)
(4064, 384)
(4064, 416)
(4096, 384)
(4096, 416)
(4128, 384)
(4128, 416)
(4160, 384)
(4160, 416)
(4192, 384)
(4192, 416)
(4224, 384)
(4224, 416)
(4256, 384)
(4256, 416)
(4288, 384)
(4288, 416)
(4320, 384)
(4320, 416)
(4352, 384)
(4352, 416)
(4384, 384)
(4384, 416)
(4416, 384)
(4416, 416)
(4448, 384)
(4448, 416)
(4480, 384)
(4480, 416)
(4512, 384)
(4512, 416)
(4544, 384)
(4544, 416)
(4576, 384)
(4576, 416)
(4608, 384)
(4608, 416)
(4640, 384)
(4640, 416)
(4672, 384)
(4672, 416)
(4704, 384)
(4704, 416)
(4736, 384)
(4736, 416)
(4768, 384)
(4768, 416)
(4800, 384)
(4800, 416)
(4832, 384)
(4832, 416)
(4864, 384)
(4864, 416)
(4960, 384)
(4960, 416)
(4992, 384)
(4992, 416)
(5024, 384)
(5024, 416)
(5056, 384)
(5056, 416)
(5088, 384)
(5088, 416)
(5120, 384)
(5120, 416)
(5152, 384)
(5152, 416)
(5184, 384)
(5184, 416)
(5216, 384)
(5216, 416)
(5248, 384)
(5248, 416)
(5280, 384)
(5280, 416)
(5312, 384)
(5312, 416)
(5344, 384)
(5344, 416)
(5376, 384)
(5376, 416)
(5408, 384)
(5408, 416)
(5440, 384)
(5440, 416)
(5472, 384)
(5472, 416)
(5504, 384)
(5504, 416)
(5536, 384)
(5536, 416)
(5568, 384)
(5568, 416)
(5600, 384)
(5600, 416)
(5632, 384)
(5632, 416)
(5664, 384)
(5664, 416)
(5696, 384)
(5696, 416)
(5728, 384)
(5728, 416)
(5760, 384)
(5760, 416)
(5792, 384)
(5792, 416)
(5824, 384)
(5824, 416)
(5856, 384)
(5856, 416)
(5888, 384)
(5888, 416)
(5920, 384)
(5920, 416)
(5952, 384)
(5952, 416)
(5984, 384)
(5984, 416)
(6016, 384)
(6016, 416)
(6048, 384)
(6048, 416)
(6080, 384)
(6080, 416)
(6112, 384)
(6112, 416)
(6144, 384)
(6144, 416)
(6176, 384)
(6176, 416)
(6208, 384)
(6208, 416)
(6240, 384)
(6240, 416)
(6272, 384)
(6272, 416)
(6304, 384)
(6304, 416)
(6336, 384)
(6336, 416)
(6368, 384)
(6368, 416)
(6400, 384)
(6400, 416)
(6432, 384)
(6432, 416)
(6464, 384)
(6464, 416)
(6496, 384)
(6496, 416)
(6528, 384)
(6528, 416)
(6560, 384)
(6560, 416)
(6592, 384)
(6592, 416)
(6624, 384)
(6624, 416)
(6656, 384)
(6656, 416)
(6688, 384)
(6688, 416)
(6720, 384)
(6720, 416)
(0, 314)
(512, 346)
(1536, 314)
(2048, 346)
(3072, 314)
(3584, 346)
(4608, 314)
(5120, 346)
(6144, 314)
(6656, 346)
(368, 352)
(752, 352)
(1328, 352)
(1904, 352)
(2288, 352)
(2864, 352)
(3440, 352)
(3824, 352)
(4402, 352)
(5042, 352)
(5360, 352)
(6576, 352)
(272, 352)
(624, 352)
(880, 96)
(1168, 64)
(1808, 352)
(2160, 352)
(2416, 96)
(2704, 64)
(3344, 352)
(3696, 352)
(3952, 96)
(4240, 64)
(4880, 352)
(5232, 352)
(5488, 96)
(5776, 64)
(6416, 352)
(896, 320)
(1216, 288)
(1472, 256)
(1824, 256)
(5216, 320)
(5728, 320)
(4288, 256)
(4480, 256)
(4736, 256)
(4960, 256)
(5792, 128)
(512, 288)
(672, 288)
(736, 288)
(2496, 288)
(3392, 288)
(3488, 288)
(3584, 288)
(5440, 288)
(704, 160)
(3008, 160)
(3488, 160)
(4128, 160)
(4160, 160)
(1280, 352)
(3106, 352)